100
32172 2
2108862 2108803
0 1 999907977 999908037
178604 178663
0 1 60 999974502
1 0
0 0 0 1000000000
815 2
129270111 137996244
645307283 552658531 979471246 368721369
123416769 29091855
682486840 88538840 580654672 214141831
36430100 616822
613000893 39677532 895458915 60654848
2605 2
571892 571798
0 1 999999283 999999377
327115 327210
0 1 94 999996492
1 0
0 0 0 1000000000
10340 2
1378533 1378463
0 1 999910180 999910250
654802 654873
0 1 70 999922774
0 0
0 0 0 1000000000
41654 2
2372448 2372414
0 1 999900570 999900604
956246 956280
0 1 34 999983308
1 0
0 0 0 1000000000
999999 2
500000 500000
0 1 0 1000000000
0 2
0 1 1 1000000000
0 0
0 0 0 1000000000
2226 2
172085180 92334380
990695997 939499544 198027064 189441749
7113051 105788063
12926318 427374738 809051585 129013154
218585572 691731851
440401825 946506260 530379729 757498197
4347 2
437568177 555949951
897267263 259118702 196949697 572172764
22052006 312765170
594099260 430138031 321781578 325279009
545108921 157335474
661278208 681974573 793097361 726854284
30683 2
1420467 1420453
0 1 999916348 999916362
990920 990933
0 1 14 999968989
0 1
0 0 0 1000000000
8592 2
622286601 519501452
546536483 413269657 96637053 709890070
169975639 181219318
460729385 444780748 503833365 307770333
168171982 97269999
808889537 569153562 151452466 214696531
42637 2
1268329 1268317
0 1 999953414 999953426
756697 756709
0 1 12 999992984
1 0
0 0 0 1000000000
46821 2
3390384 3390331
0 1 999935971 999936024
908925 908977
0 1 53 999958145
0 0
0 0 0 1000000000
7734 2
234263132 197184936
67310823 799653073 117683075 250333610
457299576 71228789
243716835 208615733 506484396 903931265
176890292 123121589
152907119 521416832 754379504 496125813
7575 2
24297815 119122413
134804816 185977114 760734358 472792424
178750113 158090115
712735240 117366677 718255422 231148721
44349513 222446668
756567331 958816108 218189262 518404143
1000000 2
377067170 399200278
183505238 31947859 285024588 539456813
0 0
0 0 0 1000000000
999999999 999999999
0 1 0 1000000000
8439 2
1160653 1160584
0 1 999915326 999915394
586867 586936
0 1 68 999942937
0 0
0 0 0 1000000000
37680 2
1337873 1337859
0 1 999965527 999965542
772689 772704
0 1 15 999925590
0 0
0 0 0 1000000000
2917 2
326082 326076
0 1 999939777 999939784
305671 305678
0 1 7 999934047
0 0
0 0 0 1000000000
7331 2
1255576 1255538
0 1 999919177 999919216
969708 969746
0 1 39 999992718
0 0
0 0 0 1000000000
5515 2
183564714 30544125
602441544 573103015 447650677 286694707
155186945 194864596
288819943 727328876 929931198 304980404
67974340 295194561
390576275 616415621 619591877 363866342
29267 2
1488225 1488180
0 1 999901937 999901982
171255 171300
0 1 45 999922114
1 0
0 0 0 1000000000
3624 2
143234360 473120413
920498749 37777040 979343402 674634293
5520604 2893029
881479823 278351702 294405812 51045418
333935966 342947006
595556171 983233864 82279070 359281694
18123 2
1267798 1267730
0 1 999971416 999971485
17381 17450
0 1 69 999900060
0 0
0 0 0 1000000000
999999 2
500000 500000
0 1 0 1000000000
2 2
0 1 1 1000000000
0 0
0 0 0 1000000000
1000000 2
999999999 1
0 1 1 1000000000
0 2
0 1 1 1000000000
999999999 999999999
1 0 0 1000000000
4 4
8 2 5 7
0 0 0 100
2 0 7 2
0 0 0 100
3 5 4 1
0 0 0 100
35084 2
1479621 1479581
0 1 999905464 999905504
76301 76341
0 1 40 999917338
0 0
0 0 0 1000000000
8379 2
451877857 257005429
548575702 23765619 132619060 738411061
777526530 658358922
50710090 628408200 265838039 902407856
125539843 235789410
484402818 112957078 254847536 251445794
11972 2
923238 923212
0 1 999956602 999956629
600022 600049
0 1 27 999968187
0 1
0 0 0 1000000000
5 2
15 12
1 2 3 20
1 9
2 3 4 10
0 6
3 4 5 10
27574 2
1140977 1140952
0 1 999915643 999915668
451652 451677
0 1 25 999905756
0 0
0 0 0 1000000000
1000 2
0 1
0 1 1 2
0 1
0 1 1 2
0 1
0 1 1 2
5913 2
1029446 1029381
0 1 999942403 999942467
651077 651141
0 1 64 999920939
0 0
0 0 0 1000000000
3445 2
458742987 510029560
491077842 184084371 669602088 624472790
101988115 232703107
634994024 763127199 148877984 461503484
9020085 365475085
195283067 793472801 214216662 545640104
39549 2
3473251 3473171
0 1 999910153 999910233
309410 309491
0 1 80 999910264
0 0
0 0 0 1000000000
40128 2
1855256 1855233
0 1 999910557 999910581
892209 892233
0 1 24 999957447
0 0
0 0 0 1000000000
25335 2
1914407 1914342
0 1 999975635 999975699
293030 293094
0 1 64 999941222
0 0
0 0 0 1000000000
100 2
267483417 24355960
870455564 423903642 12577889 341064999
227341573 171278940
619862831 424929478 165711514 317464772
110095480 184821992
618014398 840039189 11907142 234063725
1148 2
317139979 712622113
534237289 753864767 578799428 902246769
62808556 19797566
482790905 128266293 448951033 121602608
188015861 642769557
146780388 855489217 398518549 692476162
6128 2
144532170 485825736
365054736 185073330 193110717 605234076
292295166 215024225
214297037 388606885 223823167 934123578
4296527 9759588
807631361 776157529 493528234 105261968
37590 2
2351311 2351254
0 1 999977582 999977639
208739 208795
0 1 57 999989256
0 0
0 0 0 1000000000
49995 2
447752 447751
0 1 999958454 999958454
447752 447751
0 1 0 999947366
0 0
0 0 0 1000000000
13920 2
1003995 1003987
0 1 999984892 999984900
892643 892651
0 1 8 999986401
0 0
0 0 0 1000000000
1553 2
570543 570541
0 1 999971082 999971084
567439 567441
0 1 2 999973568
1 0
0 0 0 1000000000
9709 2
107622259 23808003
396765070 344450686 120880109 115055736
91443603 51057271
187873630 75248647 839602586 121748144
482756925 186808022
357242347 874602788 235375672 582182830
6440 2
134420679 290379443
958090086 341807346 484861216 675524392
144973715 112744824
791851378 436010970 797647230 507996495
120092469 113511279
232514172 210394168 93900508 141051071
46943 2
4964124 4964034
0 1 999917725 999917816
692404 692494
0 1 91 999918106
0 1
0 0 0 1000000000
41744 2
1756508 1756471
0 1 999902633 999902670
212017 212054
0 1 37 999935832
1 0
0 0 0 1000000000
8977 2
95441746 104130170
14200709 615266332 317728716 128900467
209303175 447708687
21342729 324986997 505157881 477300797
62678316 86128215
977431999 572863008 351804297 119791635
35489 2
1759206 1759177
0 1 999955408 999955437
730054 730083
0 1 29 999929611
0 0
0 0 0 1000000000
15915 2
2107535 2107457
0 1 999999912 999999990
866243 866321
0 1 78 999946340
0 1
0 0 0 1000000000
35402 2
1946428 1946379
0 1 999938602 999938651
211779 211828
0 1 49 999960444
1 0
0 0 0 1000000000
24259 2
1116325 1116279
0 1 999967283 999967329
457 503
0 1 46 999947981
0 0
0 0 0 1000000000
5234 2
327232727 388066108
506160822 954078795 596523789 405238551
123334238 72923973
546718560 45656757 439237524 239105913
206220676 210940128
595659513 501704853 76763588 801949514
7744 2
998707 998639
0 1 999936826 999936894
472183 472251
0 1 68 999987373
1 0
0 0 0 1000000000
41704 2
2872557 2872495
0 1 999970024 999970087
245270 245332
0 1 63 999914922
0 0
0 0 0 1000000000
1761 2
166877599 122837879
407483175 194423866 328838129 438814779
524877619 614075577
423293585 441192111 787724407 790099594
26331702 17541189
548618355 51961161 373667040 33435554
23958 2
3265035 3264937
0 1 999918943 999919040
941204 941302
0 1 97 999977836
0 0
0 0 0 1000000000
41764 2
3801778 3801690
0 1 999924394 999924481
168395 168483
0 1 87 999916693
0 0
0 0 0 1000000000
24649 2
721810 721807
0 1 999908432 999908435
647867 647869
0 1 3 999906705
1 0
0 0 0 1000000000
40467 2
2031207 2031160
0 1 999959096 999959143
129304 129352
0 1 47 999930820
0 1
0 0 0 1000000000
2 2
3 5
0 0 0 100
2 7
0 0 0 100
2 0
0 0 0 100
576 2
854644 854567
0 1 999934616 999934693
810369 810446
0 1 77 999952754
0 0
0 0 0 1000000000
15257 2
464423 464400
0 1 999940546 999940570
98280 98304
0 1 24 999933615
1 0
0 0 0 1000000000
2 2
10 20
0 0 0 100
14 14
0 0 0 100
4 4
0 0 0 100
38114 2
3852582 3852486
0 1 999955567 999955663
193734 193830
0 1 96 999953794
0 1
0 0 0 1000000000
6697 2
128223761 137900121
413245124 349099617 57278026 144112562
350551749 396194388
767315987 829697647 940603046 522491388
304984570 227808316
733974926 552793827 936098413 642023377
669 2
493640040 649821886
66566678 791539553 848821639 699137676
697279709 763123311
856302163 146376109 460962594 892370739
55568165 135303890
894487374 911560443 807224602 409351399
6839 2
149620 149605
0 1 999996303 999996318
47050 47065
0 1 15 999910570
0 0
0 0 0 1000000000
5356 2
60474 60467
0 1 999981134 999981141
22989 22996
0 1 7 999977479
1 0
0 0 0 1000000000
1331 2
17541798 214928260
234415959 476014472 128615749 286331559
90011404 53279633
658112640 203114919 584913694 106823384
234707453 592923770
799031411 137191133 63085348 861321385
12429 2
669824 669781
0 1 999935018 999935061
135420 135463
0 1 43 999994845
1 0
0 0 0 1000000000
477 2
151811327 163357187
477115877 253192544 453049027 184367436
523820421 556522485
764783152 126426242 232248879 582860500
39441526 341805836
263308127 573551251 301443850 414337782
32342 2
2001660 2001605
0 1 999990106 999990161
222905 222960
0 1 55 999978348
0 0
0 0 0 1000000000
1000000 2
1 999999999
1 0 0 1000000000
999999999 1
1 0 0 1000000000
0 0
0 0 0 1000000000
7101 2
1071605 1071594
0 1 999989735 999989746
993506 993516
0 1 11 999938787
0 0
0 0 0 1000000000
1086 2
356502898 139465201
153187893 447486639 128908467 359624967
551165250 869909050
317502825 789120777 217983917 956264781
72030041 68533467
627841236 924532536 138981606 107063722
38034 2
4035342 4035254
0 1 999926969 999927057
688438 688526
0 1 88 999965026
0 1
0 0 0 1000000000
20722 2
1660054 1659978
0 1 999916475 999916552
64538 64615
0 1 77 999948344
0 1
0 0 0 1000000000
21685 2
1739810 1739768
0 1 999959539 999959581
829082 829124
0 1 42 999969656
0 1
0 0 0 1000000000
22387 2
2156280 2156209
0 1 999945334 999945405
566874 566945
0 1 71 999916589
0 0
0 0 0 1000000000
19299 2
214666 214666
0 1 999900555 999900556
195369 195370
0 1 1 999930562
0 0
0 0 0 1000000000
4066 2
604043949 602863671
355438058 410886279 30164877 919120289
77036516 55157002
521377032 569592444 716142839 219162494
111729213 242607346
834832672 696619186 3581490 640428314
39787 2
1241323 1241298
0 1 999984706 999984730
286457 286482
0 1 24 999915979
1 0
0 0 0 1000000000
8082 2
297864769 289391829
202664972 639382427 51367044 302261859
742780987 156880039
250838258 615218225 925567222 880934225
483314483 297003403
800952 494906034 631184640 582941761
2 2
10 20
0 0 0 100
9 21
0 0 0 100
0 0
0 0 0 100
8558 2
121302707 67709540
530766705 479904616 125994893 124551455
288746309 150718959
219804141 474925862 762435241 688959381
48075831 568026761
468730929 727601998 742097433 822543737
1000000 2
10 20
0 1 10 1000000000
5 15
0 1 10 1000000000
10 11
0 1 1 1000000000
10767 2
1108009 1107993
0 1 999960263 999960279
935753 935769
0 1 16 999960473
0 0
0 0 0 1000000000
45496 2
1952161 1952122
0 1 999915907 999915946
177856 177895
0 1 39 999943483
0 1
0 0 0 1000000000
6275 2
362270439 30279216
295784451 138323510 217024810 443587090
37613312 70684304
550801146 718801163 879482320 203857124
9483317 2191110
560310143 986036718 343687701 10907833
15938 2
2071923 2071840
0 1 999964075 999964157
765087 765170
0 1 82 999921853
0 0
0 0 0 1000000000
5000 3
97478613 49276139 80192283
385066197 15969282 134150880 489807143
287641381 66006362 112991274
551411748 69608700 704354611 489798450
22995595 1133863 1782782
263177212 411559953 746402942 219510150
1524 2
230486434 231447947
896789778 642675448 216759603 289234810
179164569 116379968
820096338 399079672 572667890 453738031
375337747 486922469
54711845 236656577 932210939 511493413
48458 2
3527972 3527919
0 1 999959447 999959500
959750 959804
0 1 53 999945088
0 0
0 0 0 1000000000
27039 2
1975011 1974972
0 1 999971373 999971413
893492 893532
0 1 40 999963202
0 0
0 0 0 1000000000
5824 2
1140419 1140358
0 1 999937225 999937287
779395 779456
0 1 62 999901346
0 0
0 0 0 1000000000
999999 2
500000 500000
0 1 0 1000000000
1 2
0 1 1 1000000000
0 0
0 0 0 1000000000
7675 2
193823181 345390996
481712258 914695206 829972314 718919352
716538806 107890768
621973955 942780351 543849014 887301983
532078958 476319498
236269757 681168683 890205046 912435613
18282 2
1504974 1504909
0 1 999953936 999954001
316709 316774
0 1 65 999977648
0 1
0 0 0 1000000000
