0 | (4.73792e+14, 2.30457e+14, 3.54431e+14) @ (-186, 25, -20)
1 | (3.65402e+14, 1.99495e+14, 2.88715e+14) @ (-145, 120, 15)
2 | (3.42364e+14, 2.68438e+14, 3.38579e+14) @ (-122, 16, -75)
3 | (2.87803e+14, 3.1265e+14, 2.60087e+14) @ (-37, -56, 52)
4 | (1.45701e+14, 1.66935e+14, 8.07247e+13) @ (215, 615, 602)
5 | (2.60145e+14, 1.31387e+14, 2.17083e+14) @ (-68, 402, 101)
6 | (2.40586e+14, 3.30244e+14, 3.99425e+14) @ (64, -89, -134)
7 | (3.00931e+14, 4.51478e+14, 2.33589e+14) @ ( 7, -244, 119)
8 | (2.02273e+14, 1.9384e+14, 2.91814e+14) @ (105, 154, -8)
9 | (1.87769e+14, 2.90776e+14, 2.45517e+14) @ (96, 33, 16)
10 | (1.76169e+14, 3.3115e+14, 1.51041e+14) @ (18, -21, 405)
11 | (2.50535e+14, 2.646e+14, 2.87162e+14) @ (28, 24,  8)
12 | (2.37266e+14, 4.65149e+14, 4.41107e+14) @ (82, -268, -156)
13 | (2.00738e+14, 3.02748e+14, 2.41474e+14) @ (-99, 132, -158)
14 | (1.53019e+14, 2.75163e+14, 1.81102e+14) @ (189, 71, 188)
15 | (2.71285e+14, 2.74808e+14, 2.38326e+14) @ (-77, 47, 58)
16 | (4.28547e+14, 3.60511e+14, 3.08341e+14) @ (-89, -126, 54)
17 | (3.10266e+14, 3.15737e+14, 3.59518e+14) @ (-31, -69, -68)
18 | (3.56274e+14, 2.26244e+14, 3.42022e+14) @ (-161, 95, -93)
19 | (1.71952e+14, 3.27307e+14, 1.95359e+14) @ (-111, 127, 12)
20 | (3.68267e+14, 2.91464e+14, 2.91003e+14) @ (-207, -12, -17)
21 | (2.47873e+14, 1.05833e+14, 1.68095e+14) @ (94, 140, 198)
22 | (3.24335e+14, 2.26695e+14, 3.86873e+14) @ (-40, 50, -94)
23 | (2.68392e+14, 2.59902e+14, 3.48234e+14) @ (-26, 49, -128)
24 | (2.90247e+14, 2.76922e+14, 1.60734e+14) @ (54, -41, 205)
25 | (3.43158e+14, 2.52997e+14, 3.53738e+14) @ (-173, 65, -144)
26 | (3.25988e+14, 1.98034e+14, 2.4875e+14) @ (-105, 141, 70)
27 | (3.19559e+14, 3.2053e+14, 2.56307e+14) @ (-50, -75, 76)
28 | (1.58876e+14, 3.20859e+14, 1.74171e+14) @ (159, -9, 222)
29 | (1.81776e+14, 2.9384e+14, 2.06834e+14) @ (137, -15, 138)
30 | (2.12338e+14, 4.31946e+14, 9.04054e+13) @ (46, -322, 407)
31 | (2.98669e+14, 2.86311e+14, 2.12877e+14) @ (-131, 18, 117)
32 | (2.78823e+14, 3.21076e+14, 2.93314e+14) @ (16, -77, 28)
33 | (3.53616e+14, 2.20843e+14, 4.21602e+14) @ (-60, 46, -118)
34 | (2.98515e+14, 4.32416e+14, 3.91234e+14) @ (-25, -241, -128)
35 | (1.68709e+14, 3.24912e+14, 2.60266e+14) @ (110, -20, -178)
36 | (2.6416e+14, 4.44158e+14, 3.56205e+14) @ (-22, -301, -149)
37 | (3.16015e+14, 3.33833e+14, 3.51945e+14) @ (-264, -81, -286)
38 | (2.77871e+14, 2.61697e+14, 2.53309e+14) @ (-32, 38, 57)
39 | (2.43433e+14, 3.45912e+14, 3.7223e+14) @ (56, -112, -102)
40 | (2.82892e+14, 3.34776e+14, 3.31177e+14) @ (22, -97, -12)
41 | (2.26895e+14, 3.16718e+14, 2.07789e+14) @ (-77, -12, 95)
42 | (4.59203e+14, 2.25125e+14, 2.09132e+14) @ (-116, 11, 156)
43 | (2.40435e+14, 3.39509e+14, 2.02679e+14) @ (-131, -93, 112)
44 | (2.90754e+14, 2.28234e+14, 3.2292e+14) @ (37, 22, 24)
45 | (2.10182e+14, 4.45069e+14, 1.99422e+14) @ (28, -393, 137)
46 | (2.07531e+14, 2.79583e+14, 3.07978e+14) @ (84, 17, -62)
47 | (3.88105e+14, 4.53135e+14, 3.11096e+14) @ (-87, -239, 30)
48 | (1.31238e+14, 1.92969e+14, 1.54733e+14) @ (216, 49, 212)
49 | (1.76422e+14, 1.71047e+14, 2.31739e+14) @ (107, 481, 17)
50 | (2.56347e+14, 3.35388e+14, 2.81172e+14) @ (-152, -81, -139)
51 | (1.90338e+14, 3.83021e+14, 2.84486e+14) @ (16, -285, -273)
52 | (1.68345e+14, 3.48766e+14, 1.99504e+14) @ (-23, -168, -14)
53 | (3.11094e+14, 2.39618e+14, 2.76403e+14) @ (-103, 85,  9)
54 | (2.29264e+14, 1.61012e+14, 3.09663e+14) @ (111, 88, 46)
55 | (1.92629e+14, 1.73797e+14, 2.8763e+14) @ (153, 64, 76)
56 | (2.86346e+14, 4.25684e+14, 3.9699e+14) @ (33, -207, -74)
57 | (2.78309e+14, 3.81497e+14, 2.73777e+14) @ (-73, -188, -8)
58 | (1.71979e+14, 3.45929e+14, 3.61496e+14) @ (153, -113, -172)
59 | (2.35898e+14, 3.32058e+14, 7.15818e+13) @ (95, -95, 314)
60 | (4.41165e+14, 4.15766e+14, 2.54388e+14) @ (-144, -193, 99)
61 | (2.20308e+14, 3.2923e+14, 2.38403e+14) @ (-66, -54, -24)
62 | (2.43095e+14, 2.90289e+14, 2.59879e+14) @ (-15, 13,  8)
63 | (2.69076e+14, 4.03703e+14, 4.20013e+14) @ (55, -180, -99)
64 | (1.85756e+14, 3.17962e+14, 2.06934e+14) @ (20, 20, 65)
65 | (3.06603e+14, 3.94971e+14, 4.05404e+14) @ (-6, -175, -105)
66 | (2.26407e+14, 2.75312e+14, 2.69399e+14) @ (43, 29,  9)
67 | (2.17996e+14, 4.31991e+14, 2.00413e+14) @ (37, -316, 142)
68 | (3.0217e+14, 2.42701e+14, 3.06938e+14) @ (-8, 27, 16)
69 | (1.88849e+14, 3.8839e+14, 1.92945e+14) @ (67, -258, 150)
70 | (3.1731e+14, 3.69853e+14, 2.2473e+14) @ (-10, -141, 131)
71 | (2.7043e+14, 4.16755e+14, 2.48358e+14) @ (74, -183, 116)
72 | (4.11411e+14, 2.80542e+14, 3.30007e+14) @ (-80, -42, 27)
73 | (1.48141e+14, 2.31958e+14, 1.64881e+14) @ (201, 145, 224)
74 | (1.84331e+14, 2.90323e+14, 2.37968e+14) @ (92, 55, 15)
75 | (1.51882e+14, 3.4077e+14, 2.08863e+14) @ (175, -66, -166)
76 | (3.47454e+14, 7.90186e+13, 4.6185e+14) @ ( 7, 145, -85)
77 | (1.64992e+14, 3.46947e+14, 2.68752e+14) @ (138, -121, -156)
78 | (2.28085e+14, 2.68145e+14, 2.9328e+14) @ (-41, 122, -153)
79 | (1.9169e+14, 3.39725e+14, 2.10449e+14) @ (-21, -87, 40)
80 | (1.83733e+14, 3.85651e+14, 1.37904e+14) @ (116, -209, 291)
81 | (2.53826e+14, 4.28426e+14, 5.39828e+14) @ (16, -256, -438)
82 | (2.33278e+14, 2.47002e+14, 1.92555e+14) @ (24, 92, 163)
83 | (2.22333e+14, 1.54866e+12, 2.08902e+14) @ (69, 495, 137)
84 | (2.85933e+14, 2.89886e+14, 3.48546e+14) @ (63, -56, 20)
85 | (2.33447e+14, 2.57659e+14, 2.9595e+14) @ (38, 55, -32)
86 | (3.66653e+14, 1.19145e+14, 5.46415e+14) @ (-34, 130, -204)
87 | (1.77804e+14, 3.2117e+14, 2.03541e+14) @ (27, 31, 58)
88 | (2.02888e+14, 2.59793e+14, 3.62542e+14) @ ( 8, 192, -459)
89 | (3.27804e+14, 3.53222e+14, 3.41578e+14) @ (-71, -123, -56)
90 | (7.42333e+13, 2.03085e+13, 1.32298e+14) @ (339, 499, 278)
91 | (1.6675e+14, 3.24908e+14, 1.88667e+14) @ (-56, 183, 101)
92 | (2.26185e+14, 2.73747e+14, 3.40744e+14) @ (89, -10, -40)
93 | (1.56591e+14, 3.14174e+14, 1.2718e+14) @ (175, -9, 371)
94 | (2.71813e+14, 5.28143e+14, 4.7755e+13) @ (16, -382, 383)
95 | (1.63403e+14, 3.60573e+14, 2.00183e+14) @ (98, -234, 56)
96 | (1.79907e+14, 2.5799e+14, 2.37394e+14) @ (121, 109, 45)
97 | (1.55495e+14, 2.95855e+14, 3.16137e+14) @ (187, -25, -50)
98 | (2.60152e+14, 2.66481e+14, 3.30649e+14) @ (23, 13, -50)
99 | (2.74811e+14, 1.97732e+14, 4.18961e+14) @ (47, 66, -100)
100 | (2.26238e+14, 1.77923e+14, 2.84931e+14) @ (-23, 370, -111)
101 | (2.77459e+14, 4.6328e+14, 1.74868e+14) @ (32, -263, 193)
102 | (2.91867e+14, 2.56525e+14, 2.53829e+14) @ (-21, 25, 74)
103 | (2.76382e+14, 2.59892e+14, 3.52421e+14) @ (67, -23,  9)
104 | (4.9921e+14, 3.08285e+14, 4.80882e+14) @ (-225, -66, -177)
105 | (2.87599e+14, 9.38524e+13, 3.40389e+14) @ (50, 157, 15)
106 | (2.5172e+14, 6.70848e+13, 2.8282e+14) @ (40, 317, 29)
107 | (1.43462e+14, 2.89425e+14, 3.13028e+14) @ (208, -14, -44)
108 | (2.4362e+14, 8.15166e+13, 3.07419e+14) @ (105, 147, 61)
109 | (3.00576e+14, 2.48515e+14, 1.78459e+14) @ (-78, 65, 191)
110 | (1.95661e+14, 2.48886e+14, 2.29589e+14) @ (93, 107, 77)
111 | (1.08787e+14, 7.39974e+13, 2.37546e+14) @ (295, 534, 53)
112 | (2.12851e+14, 3.42216e+14, 3.25626e+14) @ (-98, -101, -487)
113 | (3.79999e+14, 3.32639e+14, 4.14073e+14) @ (-28, -98, -43)
114 | (1.9777e+14, 3.21498e+14, 2.32543e+14) @ (86, -57, 68)
115 | (3.4917e+14, 2.92633e+14, 1.26587e+14) @ (-56, -44, 254)
116 | (1.60512e+14, 3.76776e+14, 3.03484e+14) @ (127, -332, -633)
117 | (4.2086e+14, 4.86499e+14, 5.16411e+14) @ (-81, -255, -159)
118 | (1.78679e+14, 2.81766e+14, 3.6345e+14) @ (165, -41, -15)
119 | (2.04592e+14, 3.1754e+14, 1.39101e+14) @ (87, -56, 271)
120 | (2.72399e+14, 1.3456e+14, 5.87969e+13) @ (52, 138, 329)
121 | (2.71748e+14, 1.01824e+14, 3.4836e+14) @ (26, 230, -49)
122 | (2.31759e+14, 3.52685e+14, 4.10102e+14) @ (66, -123, -180)
123 | (1.51483e+14, 3.63191e+14, 2.53062e+14) @ (179, -397, -859)
124 | (4.77622e+14, 2.60919e+14, 5.26704e+14) @ (-151, -21, -182)
125 | (2.59093e+14, 3.592e+14, 2.48055e+14) @ (11, -135, 72)
126 | (3.00207e+14, 3.24184e+14, 2.26059e+14) @ (-85, -72, 102)
127 | (1.70148e+14, 3.22604e+14, 1.89939e+14) @ (-40, 145, 104)
128 | (1.8795e+14, 3.11744e+14, 1.85901e+14) @ (106, -32, 176)
129 | (1.83019e+14, 3.33806e+14, 2.04042e+14) @ (-111, -14, -12)
130 | (3.13375e+14, 2.52174e+14, 3.43325e+14) @ (-67, 39, -76)
131 | (2.32346e+14, 1.60621e+14, 2.9096e+14) @ (26, 271, -41)
132 | (2.70852e+14, 3.469e+14, 2.87197e+14) @ (-6, -114,  8)
133 | (2.07038e+14, 2.35968e+14, 2.50959e+14) @ (-23, 308, -79)
134 | (1.70369e+14, 2.90913e+14, 3.27093e+14) @ (162, -19, -62)
135 | (2.56595e+14, 3.50678e+14, 2.67911e+14) @ (-24, -123,  7)
136 | (3.36376e+14, 2.7633e+14, 1.88078e+14) @ (-82, -8, 175)
137 | (3.66343e+14, 3.31261e+14, 4.65204e+14) @ (-60, -94, -152)
138 | (5.19294e+14, 4.24292e+14, 4.33233e+14) @ (-185, -192, -76)
139 | (5.00585e+14, 3.69062e+14, 2.36379e+14) @ (-194, -137, 123)
140 | (2.66309e+14, 4.80563e+14, 3.89471e+14) @ (39, -294, -97)
141 | (1.72027e+14, 3.61012e+14, 1.34609e+14) @ (144, -150, 299)
142 | (2.13347e+14, 3.0871e+14, 3.11252e+14) @ (94, -52, -25)
143 | (2.45733e+14, 2.59127e+14, 2.83325e+14) @ ( 7, 59, -16)
144 | (1.89112e+14, 4.0299e+14, 2.40621e+14) @ (112, -237, 58)
145 | (4.40794e+14, 2.64367e+14, 2.85144e+14) @ (-118, -23, 72)
146 | (3.78095e+14, 1.3629e+14, 5.145e+14) @ (-53, 118, -180)
147 | (1.83303e+14, 3.14209e+14, 2.07996e+14) @ (-17, 83, 23)
148 | (3.02939e+14, 8.27931e+13, 3.08244e+14) @ ( 9, 211, 29)
149 | (2.15567e+14, 1.09118e+14, 2.25426e+14) @ (106, 215, 124)
150 | (2.09687e+14, 2.87774e+14, 2.83244e+14) @ (29, 49, -99)
151 | (2.66828e+14, 2.61766e+14, 3.0846e+14) @ ( 6, 25, -22)
152 | (2.15866e+14, 3.32195e+14, 2.26975e+14) @ (-22, -70, 37)
153 | (1.89498e+14, 3.261e+14, 2.21668e+14) @ (18, -28,  8)
154 | (1.85157e+14, 1.04978e+14, 3.55082e+14) @ (152, 193, -35)
155 | (1.75746e+14, 2.42536e+14, 2.95156e+14) @ (81, 350, -324)
156 | (2.21241e+14, 4.50671e+14, 3.89238e+14) @ (-63, -499, -570)
157 | (2.4207e+14, 2.14694e+14, 2.93003e+14) @ (37, 115, -8)
158 | (1.42929e+14, 3.10761e+11, 2.32834e+14) @ (205, 308, 122)
159 | (3.04434e+14, 2.2077e+14, 2.66936e+14) @ (-53, 90, 47)
160 | (1.787e+14, 3.40866e+14, 1.93533e+14) @ (-120, -75, 69)
161 | (2.78359e+14, 2.68874e+14, 1.43666e+14) @ (22, -7, 236)
162 | (1.91196e+14, 3.11412e+14, 2.19706e+14) @ (-83, 113, -66)
163 | (3.19728e+14, 4.168e+14, 3.53998e+14) @ (-220, -288, -237)
164 | (2.03044e+14, 3.13372e+14, 2.63281e+14) @ (39, -18, -56)
165 | (2.19783e+14, 3.99232e+14, 2.72839e+14) @ (19, -250, -46)
166 | (2.5805e+14, 3.50361e+14, 2.14693e+14) @ (79, -116, 148)
167 | (2.519e+14, 2.27205e+14, 4.82753e+14) @ (-72, 199, -608)
168 | (2.17317e+14, 3.28848e+14, 2.54552e+14) @ (116, -91, 97)
169 | (1.69848e+14, 2.08209e+14, 1.28136e+14) @ (172, 58, 250)
170 | (2.92122e+14, 1.43621e+14, 4.54578e+14) @ (-102, 312, -388)
171 | (1.94111e+14, 3.3132e+14, 2.45409e+14) @ (-75, -31, -202)
172 | (1.62473e+14, 3.42438e+14, 2.47285e+14) @ (155, -104, -34)
173 | (3.83882e+14, 4.00601e+14, 3.65916e+14) @ (-216, -209, -140)
174 | (1.68965e+14, 3.95912e+14, 1.86732e+14) @ (-16, -701, 144)
175 | (2.99311e+14, 1.3697e+14, 1.70014e+14) @ (29, 123, 197)
176 | (2.95797e+14, 2.27115e+13, 2.68241e+14) @ (28, 262, 84)
177 | (2.0821e+14, 1.96209e+14, 2.68669e+14) @ (120, 85, 70)
178 | (2.26124e+14, 5.23678e+14, 1.079e+14) @ (-70, -740, 447)
179 | (5.0797e+14, 4.70681e+14, 3.81515e+14) @ (-230, -260, -54)
180 | (1.82928e+14, 3.34323e+14, 2.13262e+14) @ (16, -56, 17)
181 | (1.59428e+14, 3.33878e+14, 2.53428e+14) @ (158, -67, -111)
182 | (2.04056e+14, 3.55593e+14, 2.70188e+14) @ (58, -139, -41)
183 | (3.32528e+14, 2.34607e+14, 2.37221e+14) @ (-24, 23, 117)
184 | (1.62981e+14, 2.02396e+14, 2.37412e+14) @ (116, 787, -160)
185 | (2.00941e+14, 2.12684e+14, 4.00007e+14) @ (100, 140, -229)
186 | (2.30029e+14, 4.17909e+14, 2.93163e+14) @ (98, -200, 47)
187 | (1.9554e+14, 5.09392e+14, 2.23328e+14) @ ( 7, -801, 15)
188 | (1.51163e+14, 2.58862e+14, 2.58431e+14) @ (192, 307, -185)
189 | (2.96903e+14, 2.32963e+14, 3.39888e+14) @ (19, 25, -7)
190 | (1.78489e+14, 4.03907e+14, 1.9475e+14) @ (82, -352, 136)
191 | (2.49927e+14, 3.25965e+14, 1.53587e+14) @ (-98, -56, 270)
192 | (1.98694e+14, 3.27622e+14, 1.99154e+14) @ (15, -48, 123)
193 | (3.23813e+14, 2.68277e+14, 2.30795e+14) @ (24, -34, 135)
194 | (1.57829e+14, 1.51371e+14, 2.68441e+14) @ (185, 174, 57)
195 | (2.95436e+14, 2.64601e+14, 2.93018e+14) @ (-29, 14, 12)
196 | (2.30021e+14, 7.20772e+12, 3.99914e+14) @ (19, 639, -299)
197 | (1.70712e+14, 2.82816e+14, 3.4491e+14) @ (153, 20, -159)
198 | (3.00758e+14, 2.39852e+14, 3.9852e+14) @ (24, 10, -64)
199 | (3.92828e+14, 1.36317e+14, 4.41192e+14) @ (-89, 135, -121)
200 | (2.28431e+14, 3.17194e+14, 2.53498e+14) @ (-29, -32, -20)
201 | (1.83475e+14, 4.11e+14, 7.90602e+13) @ (-5, -516, 815)
202 | (4.08878e+14, 3.94869e+14, 2.57935e+14) @ (-78, -163, 103)
203 | (2.31058e+14, 2.19662e+14, 2.72603e+14) @ (44, 125, 14)
204 | (2.45001e+14, 2.13327e+14, 1.42201e+14) @ (88, 40, 229)
205 | (2.77063e+14, 3.47753e+13, 2.6726e+14) @ (-11, 396, 45)
206 | (2.2249e+14, 4.58031e+14, 2.32994e+14) @ (-12, -438, 39)
207 | (2.3275e+14, 3.49757e+14, 2.8267e+14) @ (69, -118, 29)
208 | (1.68283e+14, 2.87446e+14, 1.06826e+14) @ (88, 231, 643)
209 | (2.35053e+14, 2.98305e+14, 4.26929e+14) @ (92, -53, -117)
210 | (2.88692e+14, 2.53662e+14, 2.90119e+14) @ (-14, 28, 20)
211 | (5.52062e+14, 3.43917e+14, 2.8581e+14) @ (-259, -109, 66)
212 | (2.32303e+14, 2.28752e+14, 2.32145e+14) @ (80, 54, 113)
213 | (3.60804e+14, 4.01524e+14, 3.37014e+14) @ (-78, -184, -18)
214 | (2.30662e+14, 1.80308e+14, 3.13686e+14) @ (61, 166, -37)
215 | (3.0231e+14, 2.94408e+14, 2.96165e+14) @ (-25, -37, 18)
216 | (1.67876e+14, 3.42215e+14, 1.87564e+14) @ (-10, -89, 133)
217 | (1.69447e+14, 3.34791e+14, 2.04043e+14) @ (-51,  9, -85)
218 | (2.91588e+14, 3.16966e+13, 1.23924e+14) @ (25, 269, 254)
219 | (3.61728e+14, 2.70928e+14, 3.40747e+14) @ (-27, -32, 16)
220 | (3.38006e+14, 3.91265e+14, 3.16778e+14) @ (-129, -191, -49)
221 | (1.70948e+14, 3.25522e+14, 1.73951e+14) @ (-140, 191, 336)
222 | (1.302e+14, 2.19896e+14, 1.50028e+14) @ (228, 88, 235)
223 | (3.60741e+14, 2.91082e+14, 4.49456e+14) @ (-27, -53, -100)
224 | (1.55117e+14, 3.07226e+14, 2.10048e+14) @ (167, 114, 20)
225 | (4.61438e+14, 2.10448e+14, 3.80085e+14) @ (-114, 24, -14)
226 | (2.97955e+14, 3.41379e+14, 3.65263e+14) @ (-153, -103, -248)
227 | (2.69599e+14, 2.57014e+14, 2.82983e+14) @ ( 8, 28, 25)
228 | (2.52076e+14, 2.36582e+14, 6.65761e+13) @ (-40, 140, 453)
229 | (1.60373e+14, 3.379e+14, 1.93629e+14) @ (51, -22, 34)
230 | (3.12718e+14, 2.54644e+14, 3.18597e+14) @ (-55, 29, -27)
231 | (3.79121e+14, 2.74883e+14, 2.70891e+14) @ (-89, -23, 73)
232 | (2.38744e+14, 3.03078e+14, 3.93794e+14) @ (25, -30, -225)
233 | (2.27176e+14, 4.3513e+14, 1.68633e+14) @ (-7, -350, 221)
234 | (2.40894e+14, 1.6068e+14, 2.96758e+14) @ (69, 148, 23)
235 | (1.97363e+14, 2.99061e+14, 2.73917e+14) @ (22, 57, -153)
236 | (2.7964e+14, 7.68943e+13, 2.39609e+14) @ (58, 176, 122)
237 | (1.73666e+14, 3.42123e+14, 3.15244e+14) @ (170, -107, 35)
238 | (3.32807e+14, 3.11359e+14, 2.63433e+14) @ (-73, -61, 64)
239 | (1.66788e+14, 3.44559e+14, 1.80889e+14) @ (-60, -119, 221)
240 | (1.47026e+14, 2.71064e+14, 7.02426e+13) @ (217, 352, 898)
241 | (3.03698e+14, 1.59893e+14, 3.76536e+14) @ (11, 113, -51)
242 | (1.59339e+14, 2.41888e+14, 1.80302e+14) @ (164, 254, 193)
243 | (2.94133e+14, 2.77807e+14, 2.2306e+14) @ (-152, 51, 86)
244 | (2.06571e+14, 2.54532e+14, 1.81952e+14) @ (79, 77, 185)
245 | (2.67376e+14, 3.62169e+14, 2.26699e+14) @ (-131, -160, 61)
246 | (2.45711e+14, 2.39575e+14, 3.29809e+14) @ (26, 77, -79)
247 | (1.934e+14, 2.93886e+14, 1.94357e+14) @ (-20, 142, 127)
248 | (3.53439e+14, 2.71727e+14, 3.682e+14) @ (-15, -34, -10)
249 | (3.82655e+14, 1.72255e+14, 3.77671e+14) @ (-30, 58, -7)
250 | (3.34185e+14, 4.51934e+14, 4.54495e+14) @ (-238, -364, -458)
251 | (2.30837e+14, 3.39132e+14, 2.5094e+14) @ (-90, -92, -58)
252 | (2.30173e+14, 1.64519e+14, 3.65367e+14) @ (103, 100, -30)
253 | (2.23115e+14, 3.57759e+14, 4.1792e+14) @ (12, -144, -411)
254 | (2.99242e+14, 2.95802e+14, 2.72472e+14) @ (-33, -35, 45)
255 | (4.64865e+14, 3.14165e+14, 2.53099e+14) @ (-174, -74, 100)
256 | (1.84762e+14, 2.88204e+14, 1.63174e+14) @ (36, 150, 276)
257 | (1.6949e+14, 3.52062e+14, 1.96969e+14) @ (-79, -226, -13)
258 | (4.16019e+14, 1.87898e+14, 2.99672e+14) @ (-165, 103, 24)
259 | (3.43804e+14, 3.623e+14, 2.80561e+14) @ (-25, -130, 71)
260 | (1.73498e+14, 3.76769e+14, 2.73504e+14) @ (122, -214, -106)
261 | (1.75833e+14, 1.86137e+14, 1.90069e+14) @ (70, 671, 149)
262 | (3.62069e+14, 5.00937e+14, 4.18418e+14) @ (-13, -264, -50)
263 | (2.86845e+14, 2.8696e+14, 3.18912e+14) @ (57, -51, 44)
264 | (3.18115e+14, 2.73249e+14, 3.24191e+14) @ (-115, 22, -79)
265 | (2.29266e+14, 2.59501e+14, 4.73604e+14) @ (38, 60, -399)
266 | (3.13985e+14, 2.68126e+14, 3.54785e+14) @ ( 6, -21, -17)
267 | (1.79341e+14, 3.2006e+14, 2.10188e+14) @ (38, 21, 36)
268 | (2.21759e+14, 2.94736e+14, 3.3498e+14) @ (90, -36, -43)
269 | (1.77968e+14, 2.35864e+14, 2.4216e+14) @ (94, 290, -35)
270 | (2.05797e+14, 2.16773e+14, 2.65384e+14) @ (56, 212, -25)
271 | (4.30123e+14, 2.27343e+14, 2.23496e+14) @ (-104, 16, 139)
272 | (2.90227e+14, 2.20543e+14, 3.59767e+14) @ (35, 33, -21)
273 | (4.6628e+14, 3.12943e+14, 4.09504e+14) @ (-110, -79, -37)
274 | (2.21291e+14, 3.07502e+14, 3.24031e+14) @ (83, -51, -42)
275 | (1.59501e+14, 3.14104e+14, 2.03522e+14) @ (75, 285, -84)
276 | (4.13919e+14, 2.091e+14, 5.00743e+14) @ (-152, 69, -237)
277 | (2.16582e+14, 2.07693e+14, 3.35031e+14) @ (37, 218, -182)
278 | (2.20432e+14, 3.01483e+14, 3.28336e+14) @ (49, -20, -122)
279 | (2.60416e+14, 3.31104e+14, 3.44715e+14) @ ( 7, -87, -95)
280 | (2.13665e+14, 4.58547e+14, 1.24987e+14) @ (80, -319, 289)
281 | (2.87291e+14, 2.74586e+14, 2.35221e+14) @ (-203, 93, 31)
282 | (3.0273e+14, 2.72255e+14, 3.93437e+14) @ (11, -22, -73)
283 | (2.47365e+14, 4.19714e+14, 2.72076e+14) @ (68, -209, 65)
284 | (3.55366e+14, 1.72506e+14, 3.32118e+14) @ (-48, 95,  5)
285 | (3.76729e+14, 1.02868e+14, 2.8238e+14) @ (-51, 154, 74)
286 | (3.82174e+14, 2.35401e+14, 4.24266e+14) @ (-86, 23, -111)
287 | (5.51886e+14, 3.48735e+14, 4.65276e+14) @ (-304, -115, -169)
288 | (2.03111e+14, 2.42342e+14, 2.3748e+14) @ (116, 45, 100)
289 | (1.9616e+14, 2.88142e+14, 3.56694e+14) @ (150, -53,  8)
290 | (1.83033e+14, 2.81083e+14, 1.76493e+14) @ (106, 64, 201)
291 | (2.59559e+14, 9.79295e+13, 1.27256e+14) @ (89, 132, 237)
292 | (1.64046e+14, 2.97833e+14, 2.23562e+14) @ (152, 39, 53)
293 | (2.14031e+14, 3.38646e+14, 2.16774e+14) @ (-94, -85, 30)
294 | (2.3773e+14, 3.57526e+14, 2.41412e+14) @ (74, -128, 101)
295 | (2.11231e+14, 5.0183e+14, 4.93686e+14) @ ( 9, -594, -771)
296 | (3.35199e+14, 2.48562e+14, 3.15552e+14) @ (-25,  5, 24)
297 | (2.96086e+14, 3.75384e+14, 4.63283e+14) @ (20, -147, -156)
298 | (1.21345e+14, 2.3326e+14, 2.94814e+14) @ (234, 36, 36)
299 | (2.77473e+14, 3.00735e+14, 2.51449e+14) @ (-172, 16, -15)
ans: 20336
