  0
     1
        2
        3
           4
             10
                11
                   12
                      13
                         14
                            15
                               16
                                  17
                                     18
           5
        6
     7
        8
          19
             20
                21
                   22
                      23
                         24
        9
   |  0|  1|  2|  3|  4|  5
  0|  0|  0|  0|  0|  0|  0
  1|  0|  0|  0|  0|  0|  0
  2|  1|  0|  0|  0|  0|  0
  3|  1|  0|  0|  0|  0|  0
  4|  3|  1|  0|  0|  0|  0
  5|  3|  1|  0|  0|  0|  0
  6|  1|  0|  0|  0|  0|  0
  7|  0|  0|  0|  0|  0|  0
  8|  7|  0|  0|  0|  0|  0
  9|  7|  0|  0|  0|  0|  0
 10|  4|  3|  0|  0|  0|  0
 11| 10|  4|  1|  0|  0|  0
 12| 11| 10|  3|  0|  0|  0
 13| 12| 11|  4|  0|  0|  0
 14| 13| 12| 10|  0|  0|  0
 15| 14| 13| 11|  1|  0|  0
 16| 15| 14| 12|  3|  0|  0
 17| 16| 15| 13|  4|  0|  0
 18| 17| 16| 14| 10|  0|  0
 19|  8|  7|  0|  0|  0|  0
 20| 19|  8|  0|  0|  0|  0
 21| 20| 19|  7|  0|  0|  0
 22| 21| 20|  8|  0|  0|  0
 23| 22| 21| 19|  0|  0|  0
 24| 23| 22| 20|  0|  0|  0
(3 - 2) = 1 1
LCA(5, 3) = 3

(3 - 2) = 1 1
LCA(3, 4) = 3

(3 - 2) = 1 1
LCA(5, 6) = 1

(2 - 1) = 1 1
LCA(1, 2) = 1

(3 - 1) = 2 10
LCA(1, 5) = 1

(3 - 2) = 1 1
LCA(4, 8) = 0

(3 - 2) = 1 1
LCA(4, 6) = 1

(12 - 2) = 10 1010
LCA(18, 6) = 1

(12 - 3) = 9 1001
LCA(18, 5) = 3

(12 - 2) = 10 1010
LCA(18, 8) = 0

(12 - 8) = 4 100
LCA(18, 24) = 0

