max_steps: 1000
cycle_size: 11
initial_cycles: 6
cycle_start: 66
rem_cycles: 84
rem_steps: 10
cycle_start + cycle_size*rem_cycles + rem_steps: 1000
top left corner: -7 -7
bottom right corner: 6 6
repeats (6) | 14 | 84: (-6, -1) (-5, -2) (-4, -3) (-3, -4) (-2, -5) (-1, -6)
repeats (6) | 20 | 120: (-6, 1) (-5, 2) (-4, 3) (-3, 4) (-2, 5) (-1, 6)
repeats (6) | 9 | 54: (1, 6) (2, 5) (3, 4) (4, 3) (5, 2) (6, 1)
repeats (6) | 18 | 108: (1, -6) (2, -5) (3, -4) (4, -3) (5, -2) (6, -1)
repeats (36) | 39 | 1404: (-5, 0) (-4, -1) (-4, 1) (-3, -2) (-3, 0) (-3, 2) (-2, -3) (-2, -1) (-2, 1) (-2, 3) (-1, -4) (-1, -2) (-1, 0) (-1, 2) (-1, 4) (0, -5) (0, -3) (0, -1) (0, 1) (0, 3) (0, 5) (1, -4) (1, -2) (1, 0) (1, 2) (1, 4) (2, -3) (2, -1) (2, 1) (2, 3) (3, -2) (3, 0) (3, 2) (4, -1) (4, 1) (5, 0)
repeats (1) | 33 | 33: (-6, 0)
repeats (1) | 29 | 29: (0, -6)
repeats (1) | 27 | 27: (0, 6)
repeats (1) | 29 | 29: (6, 0)
repeats (5) | 37 | 185: (1, 5) (2, 4) (3, 3) (4, 2) (5, 1)
repeats (39) | 42 | 1638: (-5, -1) (-5, 1) (-4, -2) (-4, 0) (-4, 2) (-3, -3) (-3, -1) (-3, 1) (-3, 3) (-2, -4) (-2, -2) (-2, 0) (-2, 2) (-2, 4) (-1, -5) (-1, -3) (-1, -1) (-1, 1) (-1, 3) (-1, 5) (0, -4) (0, -2) (0, 2) (0, 4) (1, -5) (1, -3) (1, -1) (1, 1) (1, 3) (2, -4) (2, -2) (2, 0) (2, 2) (3, -3) (3, -1) (3, 1) (4, -2) (4, 0) (5, -1)
repeats (1) | 42 | 42: (0, 0)
cnt_by_block: 3753
bounding_box: -7 -7 | 6 6
new_area: 8100
adj1   | block_positions.size(): 36 | group_count: 8100 | visits_in_group: 39 = 315900
new_area: 8187
adj2   | block_positions.size(): 39 | group_count: 8187 | visits_in_group: 42 = 343854
ans: 668697
