linear independent:
	0 | (473791829703098, 230456526176051, 354431298438521) @ (-186, 25, -20)
	1 | (365401987647919, 199494537264574, 288715138476352) @ (-145, 120, 15)
	2 | (342363760114142, 268437865227399, 338578908142429) @ (-122, 16, -75)
h1: (473791829703098, 230456526176051, 354431298438521) @ (-186, 25, -20)
h2: (365401987647919, 199494537264574, 288715138476352) @ (-145, 120, 15)
v: (108389842055179, 30961988911477, 65716159962169)
dv: (41, 95, 35)
b: (-18183485573709585, 9103660021713121, 18065236809790574)
h1: (473791829703098, 230456526176051, 354431298438521) @ (-186, 25, -20)
h2: (342363760114142, 268437865227399, 338578908142429) @ (-122, 16, -75)
v: (131428069588956, -37981339051348, 15852390296092)
dv: (64, -9, -55)
b: (-12080189437849744, 40819040130687258, -16482469891753986)
GaussMethod2: 0
GaussMethod: 1
ans: 677656046662770
